0.7531512809621944
0.7542589302149879
0.7553642787326982
0.7564673309836705
0.7575680914400557
0.7576275268040272
0.7597627548757708
0.7598173907277626
0.7609089174565032
0.7619981799728719
0.7630851827379598
0.7641699302157279
0.7652524268728633
0.766332677178636
0.7674106856047572
0.7684864566252391
0.7674106856047572
0.766332677178636
0.7652524268728633
0.7641699302157279
0.7630851827379598
0.7619981799728719
0.7609089174565032
0.7598173907277626
0.7597627548757708
0.7576275268040272
0.7575680914400557
0.7554285525759101
0.7543256379796729
0.7542589302149879
