5310.551760410588
5309.862239267606
5309.172816927323
5308.483493428232
5307.794268808843
5306.380498984218
5306.416116363284
5305.002356267149
5304.313433423783
5303.624609641975
5302.93588496033
5302.247259417463
5301.558733052007
5300.8703059026075
5300.181978007925
5299.493749406635
5300.181978007925
5300.8703059026075
5301.558733052007
5302.247259417463
5302.93588496033
5303.624609641975
5304.313433423783
5305.002356267149
5306.416116363284
5306.380498984218
5307.794268808843
5307.759037484652
5308.448455057278
5309.862239267606
